   3.9510720541038764E+08       0.1241442288079278       0.0272365861947125   3.0394585800105392E+02   7.6877698527078820E+01
   3.9902961371152174E+08       0.1108779233983774       0.0289086514388663   3.0394585800105392E+02   7.6877698527078820E+01
   4.0303068195544749E+08       0.1003201951979712       0.0298622530848190   3.0394585800105392E+02   7.6877698527078820E+01
   4.0684864714915991E+08       0.0942579824659482       0.0312264075296126   3.0394585800105392E+02   7.6877698527078820E+01
   4.1073964036832517E+08       0.0747687093236676       0.0249043910979460   3.0394585800105392E+02   7.6877698527078820E+01
   4.1448647209564072E+08       0.0884678032662931       0.0237249772978433   3.0394585800105392E+02   7.6877698527078820E+01
   4.1824648811785299E+08       0.0843513646839898       0.0240283875707401   3.0394585800105392E+02   7.6877698527078820E+01
   4.2207534665204978E+08       0.0921343241849673       0.0207519604804829   3.0394585800105392E+02   7.6877698527078820E+01
   4.2597495583307421E+08       0.0766667290681718       0.0235664285561710   3.0394585800105392E+02   7.6877698527078820E+01
   4.2994729497139692E+08       0.0769647880049983       0.0235123028743352   3.0394585800105392E+02   7.6877698527078820E+01
   4.3405450296710867E+08       0.0887863751264562       0.0289104498759518   3.0394585800105392E+02   7.6877698527078820E+01
   4.3793486170295101E+08       0.0660547631955684       0.0242774907669024   3.0394585800105392E+02   7.6877698527078820E+01
   4.4188522550125808E+08       0.0554982422985893       0.0233162881746498   3.0394585800105392E+02   7.6877698527078820E+01
   4.4565396942877412E+08       0.0454716453476967       0.0189715079252369   3.0394585800105392E+02   7.6877698527078820E+01
   4.4935870358770621E+08       0.0349340934437080       0.0162706315935268   3.0394585800105392E+02   7.6877698527078820E+01
   4.5319104870358866E+08       0.0370640443592605       0.0168668475614042   3.0394585800105392E+02   7.6877698527078820E+01
   4.5702269313869178E+08       0.0425384108653179       0.0188698388841960   3.0394585800105392E+02   7.6877698527078820E+01
   4.6078419678592390E+08       0.0502579323437287       0.0208026575731651   3.0394585800105392E+02   7.6877698527078820E+01
   4.6447047036021125E+08       0.0379454871369214       0.0219450856578679   3.0394585800105392E+02   7.6877698527078820E+01
   4.6814628564005172E+08       0.0306327545515964       0.0205733254571708   3.0394585800105392E+02   7.6877698527078820E+01
   4.7195178005892307E+08       0.0170654794021578       0.0175179125717398   3.0394585800105392E+02   7.6877698527078820E+01
   4.7574744687882030E+08       0.0294492038292810       0.0170562022073029   3.0394585800105392E+02   7.6877698527078820E+01
   4.7967804084018147E+08       0.0240267158465588       0.0183609355423985   3.0394585800105392E+02   7.6877698527078820E+01
   3.9451954074950820E+08       0.1294589689626843       0.0230523383592533   3.0365018983105358E+02   7.6142306497400241E+01
   3.9843611503720856E+08       0.0951187625987877       0.0258422804664894   3.0365018983105358E+02   7.6142306497400241E+01
   4.0243123227244467E+08       0.1106142036184520       0.0298049322942221   3.0365018983105358E+02   7.6142306497400241E+01
   4.0624351879669708E+08       0.1089674038859506       0.0321140908332077   3.0365018983105358E+02   7.6142306497400241E+01
   4.1012872472780657E+08       0.0848611600370883       0.0230810467244425   3.0365018983105358E+02   7.6142306497400241E+01
   4.1386998358637595E+08       0.0778757647821120       0.0190739370220701   3.0365018983105358E+02   7.6142306497400241E+01
   4.1762440713011569E+08       0.0571277922526103       0.0181551427423500   3.0365018983105358E+02   7.6142306497400241E+01
   4.2144757079258847E+08       0.0685824613252279       0.0179151890827551   3.0365018983105358E+02   7.6142306497400241E+01
   4.2534137987056351E+08       0.0678463297430939       0.0194202771165679   3.0365018983105358E+02   7.6142306497400241E+01
   4.2930781073057425E+08       0.0710147769564965       0.0210964952050658   3.0365018983105358E+02   7.6142306497400241E+01
   4.3340890985011035E+08       0.0543571629643472       0.0243318347704301   3.0365018983105358E+02   7.6142306497400241E+01
   4.3728349711514843E+08       0.0528613850865803       0.0192587902398102   3.0365018983105358E+02   7.6142306497400241E+01
   4.4122798532027447E+08       0.0537524444053654       0.0177964169170134   3.0365018983105358E+02   7.6142306497400241E+01
   4.4499112378782475E+08       0.0605996806056417       0.0137005291965059   3.0365018983105358E+02   7.6142306497400241E+01
   4.4869034769203776E+08       0.0515185423194742       0.0143694577769331   3.0365018983105358E+02   7.6142306497400241E+01
   4.5251699275041163E+08       0.0381337695039350       0.0159297897435097   3.0365018983105358E+02   7.6142306497400241E+01
   4.5634293817016721E+08       0.0346376774367304       0.0188142219422146   3.0365018983105358E+02   7.6142306497400241E+01
   4.6009884712630033E+08       0.0275463968571304       0.0199152394115461   3.0365018983105358E+02   7.6142306497400241E+01
   4.6377963790331072E+08       0.0353531749843808       0.0187954891833246   3.0365018983105358E+02   7.6142306497400241E+01
   4.6744998594107026E+08       0.0267778702547218       0.0149677386612197   3.0365018983105358E+02   7.6142306497400241E+01
   4.7124982023895037E+08       0.0291904208243379       0.0141339014615628   3.0365018983105358E+02   7.6142306497400241E+01
   4.7503984155498439E+08       0.0280015434538202       0.0140460835576785   3.0365018983105358E+02   7.6142306497400241E+01
   4.7896458932792956E+08       0.0172080486168807       0.0141615044438136   3.0365018983105358E+02   7.6142306497400241E+01
   3.9209522317114902E+08       0.1293332910503266       0.0201627685749671   3.0189993935834758E+02   7.5211601163363937E+01
   3.9598773015948427E+08       0.1320331107946235       0.0216939960941633   3.0189993935834758E+02   7.5211601163363937E+01
   3.9995829744993794E+08       0.1101711769491649       0.0269016221723582   3.0189993935834758E+02   7.5211601163363937E+01
   4.0374715752181000E+08       0.1101432344309211       0.0285466270063831   3.0189993935834758E+02   7.5211601163363937E+01
   4.0760848891170806E+08       0.0938074377810899       0.0206316159672796   3.0189993935834758E+02   7.5211601163363937E+01
   4.1132675778200263E+08       0.0931829610612911       0.0153401892714189   3.0189993935834758E+02   7.5211601163363937E+01
   4.1505811044064397E+08       0.0865184089254224       0.0154096238941701   3.0189993935834758E+02   7.5211601163363937E+01
   4.1885778081085992E+08       0.0831539636397129       0.0148275511054210   3.0189993935834758E+02   7.5211601163363937E+01
   4.2272766248139507E+08       0.0762034843527736       0.0149083013578592   3.0189993935834758E+02   7.5211601163363937E+01
   4.2666971967403561E+08       0.0837978073283080       0.0185126726937112   3.0189993935834758E+02   7.5211601163363937E+01
   4.3074561759145331E+08       0.0721250554074315       0.0190837502434449   3.0189993935834758E+02   7.5211601163363937E+01
   4.3459639556684840E+08       0.0599182522495091       0.0163276336228543   3.0189993935834758E+02   7.5211601163363937E+01
   4.3851664494194043E+08       0.0692814563639549       0.0154946434897663   3.0189993935834758E+02   7.5211601163363937E+01
   4.4225665897129601E+08       0.0652437547580728       0.0119994903527069   3.0189993935834758E+02   7.5211601163363937E+01
   4.4593315119149601E+08       0.0577788844735351       0.0121884087906360   3.0189993935834758E+02   7.5211601163363937E+01
   4.4973628156447929E+08       0.0475584872155830       0.0116166901559566   3.0189993935834758E+02   7.5211601163363937E+01
   4.5353871659811479E+08       0.0486244281222537       0.0134039151675748   3.0189993935834758E+02   7.5211601163363937E+01
   4.5727154554130918E+08       0.0455944617238900       0.0150680502952941   3.0189993935834758E+02   7.5211601163363937E+01
   4.6092971790563959E+08       0.0490758245440847       0.0139406707554013   3.0189993935834758E+02   7.5211601163363937E+01
   4.6457751170121962E+08       0.0276425822117923       0.0120907181664456   3.0189993935834758E+02   7.5211601163363937E+01
   4.6835399606549263E+08       0.0362398163757465       0.0109871962946442   3.0189993935834758E+02   7.5211601163363937E+01
   4.7212072774856865E+08       0.0363685687765541       0.0107817794726995   3.0189993935834758E+02   7.5211601163363937E+01
   4.7602135799618536E+08       0.0278523458836051       0.0119990406069715   3.0189993935834758E+02   7.5211601163363937E+01
   3.8416026865636790E+08       0.1497413332644918       0.0366606111562566   2.9578400670261931E+02   7.3714757820435509E+01
   3.8797400175490385E+08       0.1218863093527854       0.0275899575561443   2.9578400670261931E+02   7.3714757820435509E+01
   3.9186421542464060E+08       0.1325883103822567       0.0354743167088313   2.9578400670261931E+02   7.3714757820435509E+01
   3.9557639914200360E+08       0.1361786415819442       0.0479559547033203   2.9578400670261931E+02   7.3714757820435509E+01
   3.9935958755250615E+08       0.1268836195563961       0.0326400597811483   2.9578400670261931E+02   7.3714757820435509E+01
   4.0300260864466941E+08       0.0976546173809383       0.0202855680596748   2.9578400670261931E+02   7.3714757820435509E+01
   4.0665844874443424E+08       0.0967545535809671       0.0172026532806189   2.9578400670261931E+02   7.3714757820435509E+01
   4.1038122398872906E+08       0.0870507942649596       0.0166350283881438   2.9578400670261931E+02   7.3714757820435509E+01
   4.1417278964514667E+08       0.1010288262977517       0.0208769989239456   2.9578400670261931E+02   7.3714757820435509E+01
   4.1803507018489844E+08       0.0972621433781642       0.0218002512510203   2.9578400670261931E+02   7.3714757820435509E+01
   4.2202848287252933E+08       0.0763637106524349       0.0194978433655607   2.9578400670261931E+02   7.3714757820435509E+01
   4.2580133144130176E+08       0.0773183455871007       0.0169999308573002   2.9578400670261931E+02   7.3714757820435509E+01
   4.2964224549517679E+08       0.0719088427650976       0.0152770199019108   2.9578400670261931E+02   7.3714757820435509E+01
   4.3330657168276894E+08       0.0705020761693580       0.0135030990253953   2.9578400670261931E+02   7.3714757820435509E+01
   4.3690866157206243E+08       0.0622468170186085       0.0131081726055373   2.9578400670261931E+02   7.3714757820435509E+01
   4.4063482679795891E+08       0.0501311723600467       0.0127090146502592   2.9578400670261931E+02   7.3714757820435509E+01
   4.4436031075630891E+08       0.0423569498404503       0.0136113043851108   2.9578400670261931E+02   7.3714757820435509E+01
   4.4801759726459134E+08       0.0484177908656517       0.0136805564466713   2.9578400670261931E+02   7.3714757820435509E+01
   4.5160173804270804E+08       0.0351606489714916       0.0146992285594571   2.9578400670261931E+02   7.3714757820435509E+01
   4.5517571028643864E+08       0.0317282958606072       0.0155137724544765   2.9578400670261931E+02   7.3714757820435509E+01
   4.5887576874729478E+08       0.0316102251677066       0.0131857854477168   2.9578400670261931E+02   7.3714757820435509E+01
   4.6256627189503479E+08       0.0327142509917020       0.0137773992931309   2.9578400670261931E+02   7.3714757820435509E+01
   4.6638796385989588E+08       0.0307896261464534       0.0130658395443357   2.9578400670261931E+02   7.3714757820435509E+01
   3.7570108124727201E+08       0.1995371647267600       0.0701641902302439   2.8912147212432512E+02   7.2688362355635320E+01
   3.7943083615847063E+08       0.1809278541130960       0.0460382102173064   2.8912147212432512E+02   7.2688362355635320E+01
   3.8323538754301369E+08       0.1507949559794837       0.0611366968276758   2.8912147212432512E+02   7.2688362355635320E+01
   3.8686582918467474E+08       0.1558908365160546       0.0783974387571109   2.8912147212432512E+02   7.2688362355635320E+01
   3.9056571200014460E+08       0.1439367508971546       0.0537546865317522   2.8912147212432512E+02   7.2688362355635320E+01
   3.9412851397370487E+08       0.1221938857058920       0.0352201182169497   2.8912147212432512E+02   7.2688362355635320E+01
   3.9770385268104368E+08       0.1205393809959025       0.0282997930111080   2.8912147212432512E+02   7.2688362355635320E+01
   4.0134465262481201E+08       0.1133987268588095       0.0320940795461800   2.8912147212432512E+02   7.2688362355635320E+01
   4.0505272821971518E+08       0.1156032238222520       0.0393425600380894   2.8912147212432512E+02   7.2688362355635320E+01
   4.0882996156021720E+08       0.1187661876889857       0.0393698666380668   2.8912147212432512E+02   7.2688362355635320E+01
   4.1273543952611148E+08       0.1010755840834542       0.0392800929919805   2.8912147212432512E+02   7.2688362355635320E+01
   4.1642521018258184E+08       0.0712654936821563       0.0344276138801717   2.8912147212432512E+02   7.2688362355635320E+01
   4.2018154752601880E+08       0.0705502115597365       0.0287539631592344   2.8912147212432512E+02   7.2688362355635320E+01
   4.2376518545801044E+08       0.0467147857989168       0.0234171670140934   2.8912147212432512E+02   7.2688362355635320E+01
   4.2728795753147537E+08       0.0667361553459390       0.0257970506456325   2.8912147212432512E+02   7.2688362355635320E+01
   4.3093207280964202E+08       0.0740879763428495       0.0226042368344567   2.8912147212432512E+02   7.2688362355635320E+01
   4.3457552182173514E+08       0.0601037732831450       0.0240442502535974   2.8912147212432512E+02   7.2688362355635320E+01
   4.3815227508775771E+08       0.0460697670629954       0.0260583558470975   2.8912147212432512E+02   7.2688362355635320E+01
   4.4165749328845978E+08       0.0482347084604792       0.0270273100751590   2.8912147212432512E+02   7.2688362355635320E+01
   4.4515276686532831E+08       0.0522564664316699       0.0291555004244289   2.8912147212432512E+02   7.2688362355635320E+01
   4.4877135024794573E+08       0.0573443121899294       0.0260994208826704   2.8912147212432512E+02   7.2688362355635320E+01
   4.5238058872490185E+08       0.0453648585162817       0.0259217926588854   2.8912147212432512E+02   7.2688362355635320E+01
   4.5611812724863887E+08       0.0526191414065637       0.0261054975552983   2.8912147212432512E+02   7.2688362355635320E+01
   2.6839331337032416E+08       0.4005953589697705       0.0581096882625269  -1.0019618530024358E+02  -1.8792813907853875E+02
   2.7105777543509257E+08       0.4042708387486914       0.0533226185604183  -1.0019618530024358E+02  -1.8792813907853875E+02
   2.7377567059950149E+08       0.4334742931726493       0.0544646463876897  -1.0019618530024358E+02  -1.8792813907853875E+02
   2.7636918525739974E+08       0.4072504682368002       0.0497799993218230  -1.0019618530024358E+02  -1.8792813907853875E+02
   2.7901230729641324E+08       0.4355464338854561       0.0556035367598620  -1.0019618530024358E+02  -1.8792813907853875E+02
   2.8155750153272372E+08       0.4337193399677232       0.0749358111409912  -1.0019618530024358E+02  -1.8792813907853875E+02
   2.8411165176007497E+08       0.3766155581493946       0.0794579150518447  -1.0019618530024358E+02  -1.8792813907853875E+02
   2.8671256618114191E+08       0.3702360393398763       0.0609412446419332  -1.0019618530024358E+02  -1.8792813907853875E+02
   2.8936154097738075E+08       0.3876777091675249       0.0502549457719315  -1.0019618530024358E+02  -1.8792813907853875E+02
   2.9205992067930913E+08       0.3941916592129762       0.0512528374338491  -1.0019618530024358E+02  -1.8792813907853875E+02
   2.9484991576817417E+08       0.3550079219178051       0.0404762021025798  -1.0019618530024358E+02  -1.8792813907853875E+02
   2.9748581388371593E+08       0.3590955177048951       0.0373021988522425  -1.0019618530024358E+02  -1.8792813907853875E+02
   3.0016926590465426E+08       0.3910537631745700       0.0428197895273243  -1.0019618530024358E+02  -1.8792813907853875E+02
   3.0272934493155962E+08       0.3672417587997802       0.0483504817779999  -1.0019618530024358E+02  -1.8792813907853875E+02
   3.0524594261050910E+08       0.3334846062269735       0.0454498453456127  -1.0019618530024358E+02  -1.8792813907853875E+02
   3.0784922543994248E+08       0.3091533141446693       0.0357931342705804  -1.0019618530024358E+02  -1.8792813907853875E+02
   3.1045203230226266E+08       0.2972046248955750       0.0291190888874424  -1.0019618530024358E+02  -1.8792813907853875E+02
   3.1300719306195211E+08       0.3198960881493134       0.0296482992103264  -1.0019618530024358E+02  -1.8792813907853875E+02
   3.1551125060644770E+08       0.3094609435356847       0.0337385152890054  -1.0019618530024358E+02  -1.8792813907853875E+02
   3.1800820391123223E+08       0.3527179948096534       0.0502886221707584  -1.0019618530024358E+02  -1.8792813907853875E+02
   3.2059324726682556E+08       0.2958878064102685       0.0529052577382358  -1.0019618530024358E+02  -1.8792813907853875E+02
   3.2317161480933565E+08       0.2640332463432183       0.0493758932671667  -1.0019618530024358E+02  -1.8792813907853875E+02
   3.2584163733071023E+08       0.2498446294790985       0.0456750480959312  -1.0019618530024358E+02  -1.8792813907853875E+02
   2.6306530317150116E+08       0.4854267478061308       0.0677317202943752  -9.1471332851389789E+01  -1.8763355408402325E+02
   2.6567687166423085E+08       0.4853915146483078       0.0623965848112967  -9.1471332851389789E+01  -1.8763355408402325E+02
   2.6834081252935615E+08       0.4813319619735938       0.0607883296455945  -9.1471332851389789E+01  -1.8763355408402325E+02
   2.7088284202775264E+08       0.4686085727870203       0.0558374473148806  -9.1471332851389789E+01  -1.8763355408402325E+02
   2.7347349412627560E+08       0.4666545676599136       0.0586026552355941  -9.1471332851389789E+01  -1.8763355408402325E+02
   2.7596816243599445E+08       0.4549609645747703       0.0792767354145840  -9.1471332851389789E+01  -1.8763355408402325E+02
   2.7847160894688654E+08       0.4450747341809926       0.0891817540975850  -9.1471332851389789E+01  -1.8763355408402325E+02
   2.8102089131204385E+08       0.4626228486155350       0.0738008563312081  -9.1471332851389789E+01  -1.8763355408402325E+02
   2.8361727998177469E+08       0.4100556393213419       0.0539947659349051  -9.1471332851389789E+01  -1.8763355408402325E+02
   2.8626209279564750E+08       0.4120151419959752       0.0531558913016388  -9.1471332851389789E+01  -1.8763355408402325E+02
   2.8899670229348767E+08       0.3934614080396713       0.0430393436328391  -9.1471332851389789E+01  -1.8763355408402325E+02
   2.9158027387426478E+08       0.4199186001199678       0.0427401193303017  -9.1471332851389789E+01  -1.8763355408402325E+02
   2.9421045534402561E+08       0.4283521571760062       0.0457834997020476  -9.1471332851389789E+01  -1.8763355408402325E+02
   2.9671971295890003E+08       0.4152523604340943       0.0504213183140153  -9.1471332851389789E+01  -1.8763355408402325E+02
   2.9918635239585233E+08       0.3702988011498470       0.0500306333935646  -9.1471332851389789E+01  -1.8763355408402325E+02
   3.0173795615291440E+08       0.3815816826627905       0.0419442030894013  -9.1471332851389789E+01  -1.8763355408402325E+02
   3.0428909339152497E+08       0.3780406960414547       0.0363077707353031  -9.1471332851389789E+01  -1.8763355408402325E+02
   3.0679353037417132E+08       0.4051479194430324       0.0361603476158314  -9.1471332851389789E+01  -1.8763355408402325E+02
   3.0924787861716467E+08       0.3897963628798918       0.0396447951132006  -9.1471332851389789E+01  -1.8763355408402325E+02
   3.1169526365027052E+08       0.4485333627575011       0.0570610681478224  -9.1471332851389789E+01  -1.8763355408402325E+02
   3.1422899001443046E+08       0.3734217882410436       0.0553533256237828  -9.1471332851389789E+01  -1.8763355408402325E+02
   3.1675617309041905E+08       0.3093013162884152       0.0478840775706922  -9.1471332851389789E+01  -1.8763355408402325E+02
   3.1937319165634358E+08       0.3127969620366216       0.0503434134065434  -9.1471332851389789E+01  -1.8763355408402325E+02
   2.5847642443974698E+08       0.5009108100262347       0.0575952129398438  -8.3362223095798299E+01  -1.8739577774132863E+02
   2.6104243705350545E+08       0.5467868982116894       0.0610583030589336  -8.3362223095798299E+01  -1.8739577774132863E+02
   2.6365990846244916E+08       0.5134941132654818       0.0586020346780213  -8.3362223095798299E+01  -1.8739577774132863E+02
   2.6615759511152250E+08       0.4604477353911382       0.0519012275754228  -8.3362223095798299E+01  -1.8739577774132863E+02
   2.6870305619407731E+08       0.4623691717967278       0.0512210192638779  -8.3362223095798299E+01  -1.8739577774132863E+02
   2.7115420781721210E+08       0.4886396725126840       0.0707080888857982  -8.3362223095798299E+01  -1.8739577774132863E+02
   2.7361398451566064E+08       0.5349427838594993       0.0924844223979698  -8.3362223095798299E+01  -1.8739577774132863E+02
   2.7611879751338077E+08       0.4088854215478574       0.0516495355391541  -8.3362223095798299E+01  -1.8739577774132863E+02
   2.7866989509910220E+08       0.3452924075840429       0.0437683555591852  -8.3362223095798299E+01  -1.8739577774132863E+02
   2.8126857212416244E+08       0.3518397022216688       0.0439673386568645  -8.3362223095798299E+01  -1.8739577774132863E+02
   2.8395547943090016E+08       0.3576498805483651       0.0368611011250747  -8.3362223095798299E+01  -1.8739577774132863E+02
   2.8649398350738823E+08       0.3697082320930904       0.0338406217963305  -8.3362223095798299E+01  -1.8739577774132863E+02
   2.8907828441570008E+08       0.3504294459023094       0.0314350413778469  -8.3362223095798299E+01  -1.8739577774132863E+02
   2.9154377084994912E+08       0.3135889116990282       0.0356061064537742  -8.3362223095798299E+01  -1.8739577774132863E+02
   2.9396738253252000E+08       0.3117271582553240       0.0374487457562755  -8.3362223095798299E+01  -1.8739577774132863E+02
   2.9647447642807060E+08       0.3243105342495297       0.0310957978597009  -8.3362223095798299E+01  -1.8739577774132863E+02
   2.9898111194306004E+08       0.3280138071304290       0.0272598653860397  -8.3362223095798299E+01  -1.8739577774132863E+02
   3.0144186183559555E+08       0.3674023857709620       0.0298673699596192  -8.3362223095798299E+01  -1.8739577774132863E+02
   3.0385339673028028E+08       0.4073186046871251       0.0370936940067799  -8.3362223095798299E+01  -1.8739577774132863E+02
   3.0625808988045275E+08       0.4054076843473816       0.0466637424946334  -8.3362223095798299E+01  -1.8739577774132863E+02
   3.0874761823414004E+08       0.3237514727500070       0.0408192537945721  -8.3362223095798299E+01  -1.8739577774132863E+02
   3.1123071743996847E+08       0.2950843699521034       0.0385603906333148  -8.3362223095798299E+01  -1.8739577774132863E+02
   3.1380208505651659E+08       0.2469920071789870       0.0324044168455319  -8.3362223095798299E+01  -1.8739577774132863E+02
   2.5421522038564730E+08       0.5208638249809510       0.0608364752996144  -7.5180010221482561E+01  -1.8718663052612831E+02
   2.5673893009547046E+08       0.5441331371812916       0.0623013166152851  -7.5180010221482561E+01  -1.8718663052612831E+02
   2.5931325025840226E+08       0.5343614406614675       0.0616591459197198  -7.5180010221482561E+01  -1.8718663052612831E+02
   2.6176976041527531E+08       0.4933378312626466       0.0554180886238630  -7.5180010221482561E+01  -1.8718663052612831E+02
   2.6427325740339464E+08       0.4919671498754914       0.0543018221985471  -7.5180010221482561E+01  -1.8718663052612831E+02
   2.6668399970387512E+08       0.5050842873403225       0.0735076983441749  -7.5180010221482561E+01  -1.8718663052612831E+02
   2.6910322488795507E+08       0.5476602511190996       0.0921295555826158  -7.5180010221482561E+01  -1.8718663052612831E+02
   2.7156674390954649E+08       0.4447776295142231       0.0537970725742814  -7.5180010221482561E+01  -1.8718663052612831E+02
   2.7407578447827601E+08       0.4266144625039145       0.0524357061377133  -7.5180010221482561E+01  -1.8718663052612831E+02
   2.7663162009875363E+08       0.4199869949479297       0.0508434061469438  -7.5180010221482561E+01  -1.8718663052612831E+02
   2.7927423144955158E+08       0.4305241321190235       0.0420834855407375  -7.5180010221482561E+01  -1.8718663052612831E+02
   2.8177088612377584E+08       0.4500887690156032       0.0379906614432923  -7.5180010221482561E+01  -1.8718663052612831E+02
   2.8431258263003683E+08       0.4248935892194073       0.0366197877325057  -7.5180010221482561E+01  -1.8718663052612831E+02
   2.8673742342005849E+08       0.4056662801776895       0.0430052151197865  -7.5180010221482561E+01  -1.8718663052612831E+02
   2.8912107979935664E+08       0.4200944821845450       0.0450909102084855  -7.5180010221482561E+01  -1.8718663052612831E+02
   2.9158684211623466E+08       0.4192019242267827       0.0384328702406599  -7.5180010221482561E+01  -1.8718663052612831E+02
   2.9405215360934567E+08       0.3877135116591467       0.0321957640247292  -7.5180010221482561E+01  -1.8718663052612831E+02
   2.9647233594357896E+08       0.4227898008297966       0.0340673604024295  -7.5180010221482561E+01  -1.8718663052612831E+02
   2.9884411463112760E+08       0.4497337410647101       0.0400672882776899  -7.5180010221482561E+01  -1.8718663052612831E+02
   3.0120916436615074E+08       0.4525005897256612       0.0502710141073003  -7.5180010221482561E+01  -1.8718663052612831E+02
   3.0365765072408724E+08       0.4086354084134991       0.0488332917939001  -7.5180010221482561E+01  -1.8718663052612831E+02
   3.0609981392414433E+08       0.3715334483925579       0.0446609820739317  -7.5180010221482561E+01  -1.8718663052612831E+02
   3.0862879035497421E+08       0.3037404424548747       0.0374180505974146  -7.5180010221482561E+01  -1.8718663052612831E+02
   2.5025343360107389E+08       0.5198898591749961       0.0565507197246426  -6.6805668192075373E+01  -1.8700125671996761E+02
   2.5273781285790014E+08       0.5003982770025580       0.0482514983359614  -6.6805668192075373E+01  -1.8700125671996761E+02
   2.5527201383526433E+08       0.4884742624200444       0.0474112954885500  -6.6805668192075373E+01  -1.8700125671996761E+02
   2.5769024080255923E+08       0.4798841216814604       0.0474484437871958  -6.6805668192075373E+01  -1.8700125671996761E+02
   2.6015472234043252E+08       0.4960104562190266       0.0520508437572321  -6.6805668192075373E+01  -1.8700125671996761E+02
   2.6252789471503457E+08       0.5953981095066075       0.0911504286626112  -6.6805668192075373E+01  -1.8700125671996761E+02
   2.6490941777274829E+08       0.5945856203162659       0.1018339556590551  -6.6805668192075373E+01  -1.8700125671996761E+02
   2.6733454437594524E+08       0.4662030704786806       0.0547478809292368  -6.6805668192075373E+01  -1.8700125671996761E+02
   2.6980448310115778E+08       0.4175369977904569       0.0450356495298385  -6.6805668192075373E+01  -1.8700125671996761E+02
   2.7232048760621524E+08       0.3539446596425632       0.0367436830386719  -6.6805668192075373E+01  -1.8700125671996761E+02
   2.7492191549557263E+08       0.3948765304428965       0.0356968392265091  -6.6805668192075373E+01  -1.8700125671996761E+02
   2.7737966135277575E+08       0.4359007618687105       0.0341964572449172  -6.6805668192075373E+01  -1.8700125671996761E+02
   2.7988174709295577E+08       0.4236308463036192       0.0351170934854868  -6.6805668192075373E+01  -1.8700125671996761E+02
   2.8226879824087012E+08       0.4110181227677020       0.0425443540155846  -6.6805668192075373E+01  -1.8700125671996761E+02
   2.8461530681159830E+08       0.3849603889167376       0.0390374139116241  -6.6805668192075373E+01  -1.8700125671996761E+02
   2.8704264174971402E+08       0.3807652658084048       0.0326589102486474  -6.6805668192075373E+01  -1.8700125671996761E+02
   2.8946953288987190E+08       0.4326635241407322       0.0328002640282021  -6.6805668192075373E+01  -1.8700125671996761E+02
   2.9185199818114656E+08       0.4422161103561127       0.0310273404998257  -6.6805668192075373E+01  -1.8700125671996761E+02
   2.9418681416659576E+08       0.4985758511744600       0.0404403434894083  -6.6805668192075373E+01  -1.8700125671996761E+02
   2.9651500606607759E+08       0.5142085444507424       0.0554510905922572  -6.6805668192075373E+01  -1.8700125671996761E+02
   2.9892533428037351E+08       0.4725680907868730       0.0558868641108677  -6.6805668192075373E+01  -1.8700125671996761E+02
   3.0132943787929004E+08       0.3716869449919726       0.0410042585240972  -6.6805668192075373E+01  -1.8700125671996761E+02
   3.0381900177853757E+08       0.3156757714541050       0.0356292380793935  -6.6805668192075373E+01  -1.8700125671996761E+02
   2.4463509052108645E+08       0.4958011732755385       0.0503858731764461  -5.2966938220728053E+01  -1.8675192038058736E+02
   2.4706369393977612E+08       0.5303954875853326       0.0517752085649654  -5.2966938220728053E+01  -1.8675192038058736E+02
   2.4954100055081898E+08       0.5063592748264122       0.0446267922414941  -5.2966938220728053E+01  -1.8675192038058736E+02
   2.5190493683945251E+08       0.4886310151702989       0.0420211632873494  -5.2966938220728053E+01  -1.8675192038058736E+02
   2.5431408925518420E+08       0.4761283568443009       0.0436164979696901  -5.2966938220728053E+01  -1.8675192038058736E+02
   2.5663398245436555E+08       0.4749562583364234       0.0611363801634813  -5.2966938220728053E+01  -1.8675192038058736E+02
   2.5896203885870075E+08       0.6138316230260786       0.0941819333877527  -5.2966938220728053E+01  -1.8675192038058736E+02
   2.6133271988217837E+08       0.5082721495764743       0.0569565965765069  -5.2966938220728053E+01  -1.8675192038058736E+02
   2.6374720696804634E+08       0.4522300366781013       0.0448553915589614  -5.2966938220728053E+01  -1.8675192038058736E+02
   2.6620672562874672E+08       0.4336173179021028       0.0411838998704812  -5.2966938220728053E+01  -1.8675192038058736E+02
   2.6874974986637419E+08       0.4385182914183405       0.0361016137456723  -5.2966938220728053E+01  -1.8675192038058736E+02
   2.7115231782159811E+08       0.4724239597665951       0.0350096814883756  -5.2966938220728053E+01  -1.8675192038058736E+02
   2.7359823020222986E+08       0.4549122320727582       0.0355547833592833  -5.2966938220728053E+01  -1.8675192038058736E+02
   2.7593169058774996E+08       0.4027717201445462       0.0378070637031986  -5.2966938220728053E+01  -1.8675192038058736E+02
   2.7822551860180897E+08       0.4099051021171552       0.0374987654291734  -5.2966938220728053E+01  -1.8675192038058736E+02
   2.8059835838173187E+08       0.4213079102474185       0.0343161956313834  -5.2966938220728053E+01  -1.8675192038058736E+02
   2.8297076432723337E+08       0.4796138460489247       0.0345740328120234  -5.2966938220728053E+01  -1.8675192038058736E+02
   2.8529974181140810E+08       0.5006666530992656       0.0377167561880979  -5.2966938220728053E+01  -1.8675192038058736E+02
   2.8758213974589938E+08       0.5085593262409989       0.0436971417122610  -5.2966938220728053E+01  -1.8675192038058736E+02
   2.8985806230921620E+08       0.5631990510714930       0.0611868343505656  -5.2966938220728053E+01  -1.8675192038058736E+02
   2.9221427717670041E+08       0.5171313851454321       0.0561064755303806  -5.2966938220728053E+01  -1.8675192038058736E+02
   2.9456440717523837E+08       0.3596510096329565       0.0364314109347136  -5.2966938220728053E+01  -1.8675192038058736E+02
   2.9699807883794689E+08       0.2845039531646464       0.0306789766954876  -5.2966938220728053E+01  -1.8675192038058736E+02
   2.3514073638675883E+08       0.5862369549690675       0.1125988538100676   9.0939365090614874E+00  -1.8636242761491636E+02
   2.3747508504886490E+08       0.5259168452369014       0.0822791865926176   9.0939365090614874E+00  -1.8636242761491636E+02
   2.3985624671923530E+08       0.5557795046871166       0.0697432262950998   9.0939365090614874E+00  -1.8636242761491636E+02
   2.4212843800012088E+08       0.5650951259472050       0.0565414927426887   9.0939365090614874E+00  -1.8636242761491636E+02
   2.4444409055796298E+08       0.5640846805656048       0.0589289418403226   9.0939365090614874E+00  -1.8636242761491636E+02
   2.4667394807362923E+08       0.5837025440854764       0.0969901596372213   9.0939365090614874E+00  -1.8636242761491636E+02
   2.4891165197824591E+08       0.4829228916405718       0.1133309331964599   9.0939365090614874E+00  -1.8636242761491636E+02
   2.5119032622898915E+08       0.4758437436300068       0.0673483521358382   9.0939365090614874E+00  -1.8636242761491636E+02
   2.5351110641697440E+08       0.5110990747368268       0.0447119274059499   9.0939365090614874E+00  -1.8636242761491636E+02
   2.5587517049217382E+08       0.5239194515392548       0.0393304251891053   9.0939365090614874E+00  -1.8636242761491636E+02
   2.5831949927023831E+08       0.5194195876760465       0.0389521482602571   9.0939365090614874E+00  -1.8636242761491636E+02
   2.6062882291226867E+08       0.5096382563198772       0.0435442954289845   9.0939365090614874E+00  -1.8636242761491636E+02
   2.6297980877081487E+08       0.5056241412833509       0.0487221417865052   9.0939365090614874E+00  -1.8636242761491636E+02
   2.6522270692664269E+08       0.5082101595317360       0.0491808951119186   9.0939365090614874E+00  -1.8636242761491636E+02
   2.6742751085408220E+08       0.4800048706984030       0.0436379849676968   9.0939365090614874E+00  -1.8636242761491636E+02
   2.6970826007934827E+08       0.4554206726588249       0.0405826901143643   9.0939365090614874E+00  -1.8636242761491636E+02
   2.7198859230742437E+08       0.4778211731699640       0.0405571032105764   9.0939365090614874E+00  -1.8636242761491636E+02
   2.7422718154452252E+08       0.5025078499324807       0.0480284689747625   9.0939365090614874E+00  -1.8636242761491636E+02
   2.7642099899687868E+08       0.5331307840435183       0.0631656654740189   9.0939365090614874E+00  -1.8636242761491636E+02
   2.7860859238896990E+08       0.4883343220707474       0.0767516879082437   9.0939365090614874E+00  -1.8636242761491636E+02
   2.8087336191915268E+08       0.5461711937773887       0.1071804821589110   9.0939365090614874E+00  -1.8636242761491636E+02
   2.8313228273580140E+08       0.4311759236850918       0.0638179278759232   9.0939365090614874E+00  -1.8636242761491636E+02
   2.8547150294200301E+08       0.4359123680017973       0.0473096971216052   9.0939365090614874E+00  -1.8636242761491636E+02
   3.1656691861703694E+08       0.4365144329258595       0.2101527062661633   2.4636626783032455E+02   4.9020578267739957E+01
   3.1970962189464021E+08       0.3460906696186549       0.1373895340382909   2.4636626783032455E+02   4.9020578267739957E+01
   3.2291534891710860E+08       0.3372079530056519       0.1320688803891061   2.4636626783032455E+02   4.9020578267739957E+01
   3.2597437051987910E+08       0.1879023096363959       0.0795244206375709   2.4636626783032455E+02   4.9020578267739957E+01
   3.2909190347519821E+08       0.2994126223225981       0.1335623938810928   2.4636626783032455E+02   4.9020578267739957E+01
   3.3209393167982394E+08       0.2983374554343345       0.0925610388044645   2.4636626783032455E+02   4.9020578267739957E+01
   3.3510652337595892E+08       0.2211236201724332       0.0691003664309145   2.4636626783032455E+02   4.9020578267739957E+01
   3.3817427291682661E+08       0.2285294981692794       0.0679266380993125   2.4636626783032455E+02   4.9020578267739957E+01
   3.4129870913399297E+08       0.1994630372222833       0.0507445381840468   2.4636626783032455E+02   4.9020578267739957E+01
   3.4448141788620245E+08       0.2325223788749355       0.0714279731532672   2.4636626783032455E+02   4.9020578267739957E+01
   3.4777218596513748E+08       0.2636902304689393       0.0689773886353927   2.4636626783032455E+02   4.9020578267739957E+01
   3.5088119838332003E+08       0.2414352138679710       0.0769311231044388   2.4636626783032455E+02   4.9020578267739957E+01
   3.5404630010235208E+08       0.2387120803194339       0.0819943718161455   2.4636626783032455E+02   4.9020578267739957E+01
   3.5706588475141263E+08       0.2203168877328003       0.0910591458457050   2.4636626783032455E+02   4.9020578267739957E+01
   3.6003418363568699E+08       0.1721820173790503       0.0568779638538517   2.4636626783032455E+02   4.9020578267739957E+01
   3.6310472668779826E+08       0.1840038314969573       0.0629959845231843   2.4636626783032455E+02   4.9020578267739957E+01
   3.6617470834200990E+08       0.2279090059650253       0.0516938873525078   2.4636626783032455E+02   4.9020578267739957E+01
   3.6918849194976306E+08       0.1944671084491751       0.0509945998852514   2.4636626783032455E+02   4.9020578267739957E+01
   3.7214199988536119E+08       0.1719642426635773       0.0591585672651402   2.4636626783032455E+02   4.9020578267739957E+01
   3.7508712844948310E+08       0.2005978702688098       0.0718768083011419   2.4636626783032455E+02   4.9020578267739957E+01
   3.7813615824570042E+08       0.1578120752619817       0.0558478823075715   2.4636626783032455E+02   4.9020578267739957E+01
   3.8117731399486917E+08       0.2076043437736384       0.0669251343912890   2.4636626783032455E+02   4.9020578267739957E+01
   3.8432657576900065E+08       0.2154291277509626       0.0759967963429308   2.4636626783032455E+02   4.9020578267739957E+01
   1.9285728572800180E+08       0.6445183880420590       0.0964474671418652  -1.4280120421826609E+02  -5.5015338944506830E+01
   1.9477186741144130E+08       0.6191049023580469       0.0783007260707088  -1.4280120421826609E+02  -5.5015338944506830E+01
   1.9672484409971642E+08       0.5827419335856068       0.0720787493782948  -1.4280120421826609E+02  -5.5015338944506830E+01
   1.9858844565944645E+08       0.5854526938876251       0.0765330111370462  -1.4280120421826609E+02  -5.5015338944506830E+01
   2.0048769320734891E+08       0.6061366437113729       0.0710367751503340  -1.4280120421826609E+02  -5.5015338944506830E+01
   2.0231657353935674E+08       0.6073070289715067       0.0633421243802017  -1.4280120421826609E+02  -5.5015338944506830E+01
   2.0415188930785674E+08       0.6186526601393657       0.0591566108652508  -1.4280120421826609E+02  -5.5015338944506830E+01
   2.0602080805757865E+08       0.5726554096889354       0.0528429517747368  -1.4280120421826609E+02  -5.5015338944506830E+01
   2.0792426117550194E+08       0.5970581072285611       0.0532422446457408  -1.4280120421826609E+02  -5.5015338944506830E+01
   2.0986321479041338E+08       0.6364868159562349       0.0610799815950102  -1.4280120421826609E+02  -5.5015338944506830E+01
   2.1186799975795293E+08       0.6206584746416849       0.0571934806444784  -1.4280120421826609E+02  -5.5015338944506830E+01
   2.1376205646762037E+08       0.5898099313199749       0.0500361002136586  -1.4280120421826609E+02  -5.5015338944506830E+01
   2.1569028361546078E+08       0.5787276965303643       0.0476070112503787  -1.4280120421826609E+02  -5.5015338944506830E+01
   2.1752985959512356E+08       0.5819126419102749       0.0462040393452754  -1.4280120421826609E+02  -5.5015338944506830E+01
   2.1933819152238703E+08       0.5707962251965116       0.0456570824405246  -1.4280120421826609E+02  -5.5015338944506830E+01
   2.2120881212079999E+08       0.5861924016167493       0.0506688133824321  -1.4280120421826609E+02  -5.5015338944506830E+01
   2.2307909070724404E+08       0.5653484096051894       0.0535805973151618  -1.4280120421826609E+02  -5.5015338944506830E+01
   2.2491513260606912E+08       0.5650032241645625       0.0599260654925524  -1.4280120421826609E+02  -5.5015338944506830E+01
   2.2671445366691765E+08       0.5488931236248479       0.0635572780403863  -1.4280120421826609E+02  -5.5015338944506830E+01
   2.2850866988975576E+08       0.5229092105450334       0.0636754234739569  -1.4280120421826609E+02  -5.5015338944506830E+01
   2.3036618429199070E+08       0.4977179468527288       0.0674219028239274  -1.4280120421826609E+02  -5.5015338944506830E+01
   2.3221890170738909E+08       0.4450957004690108       0.0643965754579831  -1.4280120421826609E+02  -5.5015338944506830E+01
   2.3413747892467782E+08       0.4080579812938401       0.0640045010500238  -1.4280120421826609E+02  -5.5015338944506830E+01
